Initial a:
  2.2360679775   3.4641016152   0.5000000000  -1.4000000000 
 -1.7320508076  -2.6832815730   3.2000000000   2.5000000000 
 -1.1000000000   4.2000000000  -3.2000000000   0.8000000000 
  7.9000000000  -5.2000000000   0.3000000000   2.9000000000 
Initial b:
  4.5000000000   0.7000000000   0.9000000000   6.2000000000 

Result x:
  1.0101374249   0.9091920910   0.7982974639   0.9338703370 

Residual c:
 -0.0000000001   0.0000000000   0.0000000000   0.0000000000 
Part a after calculation:
  7.9000000000  -5.2000000000   0.3000000000   2.9000000000 
  0.0000000000   4.9359438282   0.4150860262  -2.2208350803 
  0.0000000000   0.0000000000   3.5872983346   1.4155646631 
  0.0000000000   0.0000000000   0.0000000000   4.1293332223 
Part b after calculation:
  6.2000000000   2.7451112075   4.1856850116   3.8562618077 
