Initial a:
  1.2071070000   0.8535535000   0.0000000000  -0.6123723142 
  0.5833333333   0.8000000000  -0.3333333333   0.5000000000 
  0.6666666667   0.4714046667  -0.3333333333  -0.5773502050 
  1.0000000000   0.7071065624   0.7071065624   0.0000000000 
Initial b:
  0.1500000000   0.0900000000  -0.0500000000   0.2700000000 

Result x:
496926.6593496846 -553964.5440449775 -148795.7127427973 207398.5394021339 

Residual c:
 -0.0733181007   0.0000000001   0.0675066199  -0.1537733504 
Matrix a after calculation:
  1.2071070000   0.8535535000   0.0000000000  -0.6123723142 
  0.0000000000   0.3875210662  -0.3333333333   0.7959283504 
  0.0000000000   0.0000000000  -0.3333331863  -0.2391467270 
  0.0000000000   0.0000000000   0.0000000000  -0.0000006561 
Matrix b after calculation:
  0.1500000000   0.0175126397  -0.1328427052  -0.1360659459 
