Initial a:
  1.2050000000   0.8525000000   0.0000000000  -0.6134751773 
  0.5833333333   0.8000000000  -0.3333333333   0.5000000000 
  0.6666666667   0.4700000000  -0.3333333333  -0.5780346821 
  1.0000000000   0.7092198582   0.7092198582   0.0000000000 
Initial b:
  0.1500000000   0.0900000000  -0.0500000000   0.2700000000 

Result x:
-54.2531456203  60.5905548465  16.2870804781 -22.6114975454 

Residual c:
 -0.0754086252  -0.0000000000   0.0696250936  -0.1624483607 
Matrix a after calculation:
  1.2050000000   0.8525000000   0.0000000000  -0.6134751773 
  0.0000000000   0.3873098202  -0.3333333333   0.7969796847 
  0.0000000000   0.0000000000  -0.3347498735  -0.2352424668 
  0.0000000000   0.0000000000   0.0000000000   0.0060481011 
Matrix b after calculation:
  0.1500000000   0.0173858921  -0.1329136684  -0.1367566233 
