Initial a:
  1.0000000000   0.7071135624   0.7071135624   0.0000000000 
  0.5833333333   0.8000000000  -0.3333333333   0.5000000000 
  0.6666666667   0.4714000000  -0.3333333333  -0.5773338722 
  1.2071000000   0.8535500000   0.0000000000  -0.6123957007 
Initial b:
  0.1500000000   0.0900000000  -0.0500000000   0.2700000000 

Result x:
-12087.1101176657 13474.5968663102 3619.2063920925 -5044.7422540914 

Residual c:
 -0.1159173804   0.0000000000   0.1436345326  -0.1536442707 
Part a after calculation:
  1.2071000000  -0.6123957007   0.0000000000   0.8535500000 
  0.0000000000   0.7959413681  -0.3333333333   0.3875203656 
  0.0000000000   0.0000000000   0.9195781484  -0.2469974443 
  0.0000000000  -0.0000000000   0.0000000000  -0.0000173546 
Part b after calculation:
  0.2700000000  -0.0404780051  -0.0478761524  -0.2338460059 
