Initial a:
  1.2071070000   0.8535535000   0.0000000000  -0.6123723142 
  0.5833333333   0.8000000000  -0.3333333333   0.5000000000 
  0.6666666667   0.4714046667  -0.3333333333  -0.5773502050 
  1.0000000000   0.7071065624   0.7071065624   0.0000000000 
Initial b:
  0.1500000000   0.0900000000  -0.0500000000   0.2700000000 

Result x:
496926.6593924705 -553964.5440926745 -148795.7127556088 207398.5394199912 

Residual c:
 -0.0733181008   0.0000000000   0.0675066199  -0.1537733505 
Matrix a after calculation:
  1.2071070000  -0.6123723142   0.0000000000   0.8535535000 
  0.0000000000   0.7959283504  -0.3333333333   0.3875210662 
  0.0000000000   0.0000000000   0.9195652773  -0.2469968645 
  0.0000000000   0.0000000000   0.0000000000   0.0000001158 
Matrix b after calculation:
  0.1500000000   0.0175126397   0.1345738150  -0.0641420820 
