Initial a:
  1.0000000000   0.7071135624   0.7071135624   0.0000000000 
  0.5833333333   0.8000000000  -0.3333333333   0.5000000000 
  0.6666666667   0.4714000000  -0.3333333333  -0.5773338722 
  1.2071000000   0.8535500000   0.0000000000  -0.6123957007 
Initial b:
  0.1500000000   0.0900000000  -0.0500000000   0.2700000000 

Result x:
-12087.1101175944 13474.5968662307 3619.2063920712 -5044.7422540616 

Residual c:
 -0.1159173804   0.0000000000   0.1436345326  -0.1536442707 
Part a after calculation:
  1.0000000000   0.7071135624   0.7071135624   0.0000000000 
  0.0000000000   0.3875170886  -0.7458162448   0.5000000000 
  0.0000000000   0.0000000000  -0.8047597765  -0.5773222061 
  0.0000000000  -0.0000000000  -0.0000000000  -0.0000491666 
Part b after calculation:
  0.1500000000   0.0025000000  -0.1499999417   0.2480327382 
