Initial a:
  1.2071067812   0.8535533906   0.0000000000  -0.6123724357 
  0.5833333333   0.8000000000  -0.3333333333   0.5000000000 
  0.6666666667   0.4714045208  -0.3333333333  -0.5773502692 
  1.0000000000   0.7071067812   0.7071067812   0.0000000000 
Initial b:
  0.1500000000   0.0900000000  -0.0500000000   0.2700000000 

Result x:
24980847921.5109062195 -27848187653.2429084778 -7480066277.2278242111 10426066818.7873859406 

Residual c:
 -0.1554769516   0.0000001526   0.1415870667  -0.4752459717 
Matrix a after calculation:
  1.2071067812   0.8535533906   0.0000000000  -0.6123724357 
  0.0000000000   0.3875210443  -0.3333333333   0.7959284628 
  0.0000000000   0.0000000000  -0.3333333333  -0.2391463118 
  0.0000000000   0.0000000000   0.0000000000  -0.0000000000 
Matrix b after calculation:
  0.1500000000   0.0175126266  -0.1328427125  -0.1360660172 
