Initial a:
  2.2361000000   3.4642000000   0.5000000000  -1.4000000000 
 -1.7321000000  -2.6832431465   3.2000000000   2.5000000000 
 -1.1000000000   4.2000000000  -3.2000000000   0.8000000000 
  7.9000000000  -5.2000000000   0.3000000000   2.9000000000 
Initial b:
  4.5000000000   0.7000000000   0.9000000000   6.2000000000 

Result x:
  1.0101231775   0.9091703598   0.7982743972   0.9338725688 

Residual c:
 -0.0001217953   0.0000147542   0.0000000000  -0.0000000000 
Part a after calculation:
  7.9000000000  -5.2000000000   0.3000000000   2.9000000000 
  0.0000000000   4.9360632911   0.4150848101  -2.2208468354 
  0.0000000000   0.0000000000   3.5872909707   1.4156179700 
  0.0000000000   0.0000000000   0.0000000000   4.1293545898 
Part b after calculation:
  6.2000000000   2.7450860759   4.1856493271   3.8562909780 
