Initial a:
  2.2400000000   3.4600000000   0.5000000000  -1.4000000000 
 -1.7300000000  -2.6785714286   3.2000000000   2.5000000000 
 -1.1000000000   4.2000000000  -3.2000000000   0.8000000000 
  7.9000000000  -5.2000000000   0.3000000000   2.9000000000 
Initial b:
  4.5000000000   0.7000000000   0.9000000000   6.2000000000 

Result x:
  1.0103253623   0.9085796696   0.7970585720   0.9323883959 

Residual c:
 -0.0002459779  -0.0063515244  -0.0000000000   0.0000000000 
Part a after calculation:
  7.9000000000  -5.2000000000   0.3000000000   2.9000000000 
  0.0000000000   4.9344303797   0.4149367089  -2.2222784810 
  0.0000000000   0.0000000000   3.5866937854   1.4158950285 
  0.0000000000  -0.0000000000   0.0000000000   4.1313708679 
Part b after calculation:
  6.2000000000   2.7420253165   4.1789691213   3.8520422564 
