Initial a:
  2.2400000000   3.4600000000   0.5000000000  -1.4000000000 
 -1.7300000000  -2.6785714286   3.2000000000   2.5000000000 
 -1.1000000000   4.2000000000  -3.2000000000   0.8000000000 
  7.9000000000  -5.2000000000   0.3000000000   2.9000000000 
Initial b:
  4.5000000000   0.7000000000   0.9000000000   6.2000000000 

Result x:
  1.0103253623   0.9085796696   0.7970585720   0.9323883959 

Residual c:
 -0.0002459779  -0.0063515244   0.0000000000   0.0000000000 
Part a after calculation:
  2.2400000000   3.4600000000   0.5000000000  -1.4000000000 
  0.0000000000  -0.0063392857   3.5861607143   1.4187500000 
  0.0000000000   0.0000000000 3334.1953722334 1320.3492957747 
  0.0000000000   0.0000000000   0.0000000000  12.2003758927 
Part b after calculation:
  4.5000000000   4.1754464286 3888.6273641851  11.3754889083 
