Initial a:
  1.0000000000   0.7092198582   0.7092198582   0.0000000000 
  0.5833333333   0.8000000000  -0.3333333333   0.5000000000 
  0.6666666667   0.4700000000  -0.3333333333  -0.5780346821 
  1.2050000000   0.8525000000   0.0000000000  -0.6134751773 
Initial b:
  0.1500000000   0.0900000000  -0.0500000000   0.2700000000 

Result x:
-196.9107912478 219.4471321318  58.4085835275 -82.2670992702 

Residual c:
 -0.5871305136   0.0000000000   0.2519133963  -0.2744037592 
Part a after calculation:
  1.2050000000  -0.6134751773   0.0000000000   0.8525000000 
  0.0000000000   0.7969796847  -0.3333333333   0.3873098202 
  0.0000000000   0.0000000000   0.9221521075  -0.2456612752 
  0.0000000000  -0.0000000000   0.0000000000  -0.0010669601 
Part b after calculation:
  0.2700000000  -0.0407053942  -0.0480639166  -0.2341413231 
