Initial a:
  2.2360679775   3.4641016152   0.5000000000  -1.4000000000 
 -1.7320508076  -2.6832815730   3.2000000000   2.5000000000 
 -1.1000000000   4.2000000000  -3.2000000000   0.8000000000 
  7.9000000000  -5.2000000000   0.3000000000   2.9000000000 
Initial b:
 -0.0000000000  -0.0000000000   0.3000000000   0.0000000000 

Result x:
 -0.0024780308   0.0350988639  -0.0286682690   0.0726506080 

Residual c:
 -0.0000000000  -0.0000000000   0.0000000092  -0.0000042530 
Part a after calculation:
  2.2360679775   3.4641016152   0.5000000000  -1.4000000000 
  0.0000000000   0.0000000001   3.5872983346   1.4155646630 
  0.0000000000   0.0000000000 -219638302227.2121582031 -86670299004.0521697998 
  0.0000000000   0.0000000000   0.0000000000  12.1966247559 
Part b after calculation:
 -0.0000000000  -0.0000000000   0.3000000000   0.8860922043 
