Initial a:
  1.2071000000   0.8535500000   0.0000000000  -0.6123957007 
  0.5833333333   0.8000000000  -0.3333333333   0.5000000000 
  0.6666666667   0.4714000000  -0.3333333333  -0.5773338722 
  1.0000000000   0.7071135624   0.7071135624   0.0000000000 
Initial b:
  0.1500000000   0.0900000000  -0.0500000000   0.2700000000 

Result x:
-3315.5289904246 3696.2490933884 992.9538388700 -1383.7321680127 

Residual c:
 -0.0421433465   0.0000000000   0.0393990418  -0.0317986648 
Matrix a after calculation:
  1.2071000000  -0.6123957007   0.0000000000   0.8535500000 
  0.0000000000   0.7959413681  -0.3333333333   0.3875203656 
  0.0000000000   0.0000000000   0.9195781484  -0.2469974443 
  0.0000000000  -0.0000000000   0.0000000000  -0.0000173546 
Matrix b after calculation:
  0.1500000000   0.0175122194   0.1345730539  -0.0641468606 
