Initial a:
  2.2360680000   3.4641020000   0.5000000000  -1.4000000000 
 -1.7320510000  -2.6832815460   3.2000000000   2.5000000000 
 -1.1000000000   4.2000000000  -3.2000000000   0.8000000000 
  7.9000000000  -5.2000000000   0.3000000000   2.9000000000 
Initial b:
  4.5000000000   0.7000000000   0.9000000000   6.2000000000 

Result x:
  1.0101373771   0.9091920356   0.7982974166   0.9338703728 

Residual c:
 -0.0000003726   0.0000001698  -0.0000000000  -0.0000000000 
Part a after calculation:
  7.9000000000  -5.2000000000   0.3000000000   2.9000000000 
  0.0000000000   4.9359442278   0.4150860253  -2.2208350886 
  0.0000000000   0.0000000000   3.5872983236   1.4155648218 
  0.0000000000   0.0000000000   0.0000000000   4.1293332487 
Part b after calculation:
  6.2000000000   2.7451111899   4.1856850322   3.8562619805 
