Initial a:
  2.2360680000   3.4641020000   0.5000000000  -1.4000000000 
 -1.7320510000  -2.6832815460   3.2000000000   2.5000000000 
 -1.1000000000   4.2000000000  -3.2000000000   0.8000000000 
  7.9000000000  -5.2000000000   0.3000000000   2.9000000000 
Initial b:
  4.5000000000   0.7000000000   0.9000000000   6.2000000000 

Result x:
  1.0101373785   0.9091920347   0.7982974166   0.9338703728 

Residual c:
 -0.0000003726   0.0000001698  -0.0000000054   0.0000000153 
Part a after calculation:
  2.2360680000   3.4641020000   0.5000000000  -1.4000000000 
  0.0000000000   0.0000005962   3.5872983738   1.4155645535 
  0.0000000000   0.0000000000 -35523130.8895050883 -14017590.7037297599 
  0.0000000000   0.0000000000   0.0000000000  12.1965659857 
Part b after calculation:
  4.5000000000   4.1856853638 -41448636.2754352763  11.3900116235 
