Initial a:
  1.0000000000   0.7071065624   0.7071065624   0.0000000000 
  0.5833333333   0.8000000000  -0.3333333333   0.5000000000 
  0.6666666667   0.4714046667  -0.3333333333  -0.5773502050 
  1.2071070000   0.8535535000   0.0000000000  -0.6123723142 
Initial b:
  0.1500000000   0.0900000000  -0.0500000000   0.2700000000 

Result x:
1811683.4146873285 -2019631.2488078503 -542476.5876786753 756128.4691715607 

Residual c:
 -0.5606234876   0.0000000003   0.2461141129  -0.2673013151 
Part a after calculation:
  1.2071070000  -0.6123723142   0.0000000000   0.8535535000 
  0.0000000000   0.7959283504  -0.3333333333   0.3875210662 
  0.0000000000   0.0000000000   0.9195652773  -0.2469968645 
  0.0000000000   0.0000000000   0.0000000000   0.0000001158 
Part b after calculation:
  0.2700000000  -0.0404772485  -0.0478760505  -0.2338477336 
