Initial a:
  2.2361000000   3.4642000000   0.5000000000  -1.4000000000 
 -1.7321000000  -2.6832431465   3.2000000000   2.5000000000 
 -1.1000000000   4.2000000000  -3.2000000000   0.8000000000 
  7.9000000000  -5.2000000000   0.3000000000   2.9000000000 
Initial b:
  4.5000000000   0.7000000000   0.9000000000   6.2000000000 

Result x:
  1.0101231775   0.9091703598   0.7982743972   0.9338725688 

Residual c:
 -0.0001217953   0.0000147542   0.0000000000  -0.0000000000 
Part a after calculation:
  2.2361000000   3.4642000000   0.5000000000  -1.4000000000 
  0.0000000000   0.0001524172   3.5873037878   1.4155493940 
  0.0000000000  -0.0000000000 -138963.2426341858 -54833.5922137954 
  0.0000000000  -0.0000000000   0.0000000000  12.1963978075 
Part b after calculation:
  4.5000000000   4.1857340906 -162138.3863546714  11.3898813500 
