Initial a:
  1.0000000000   0.7071067812   0.7071067812   0.0000000000 
  0.5833333333   0.8000000000  -0.3333333333   0.5000000000 
  0.6666666667   0.4714045208  -0.3333333333  -0.5773502692 
  1.2071067812   0.8535533906   0.0000000000  -0.6123724357 
Initial b:
  0.1500000000   0.0900000000  -0.0500000000   0.2700000000 

Result x:
91074931934.5343627930 -101528651189.0963134766 -27270752747.1669235229 38011252814.3327331543 

Residual c:
 -1.7326683044  -0.0000036621   0.5161941528  -0.5668521118 
Part a after calculation:
  1.2071067812  -0.6123724357   0.0000000000   0.8535533906 
  0.0000000000   0.7959284628  -0.3333333333   0.3875210443 
  0.0000000000   0.0000000000   0.9195655468  -0.2469967282 
  0.0000000000  -0.0000000000   0.0000000000   0.0000000000 
Part b after calculation:
  0.2700000000  -0.0404772721  -0.0478760699  -0.2338477631 
