Initial a:
  1.0000000000   0.7071067812   0.7071067812   0.0000000000 
  0.5833333333   0.8000000000  -0.3333333333   0.5000000000 
  0.6666666667   0.4714045208  -0.3333333333  -0.5773502692 
  1.2071067812   0.8535533906   0.0000000000  -0.6123724357 
Initial b:
  0.1500000000   0.0900000000  -0.0500000000   0.2700000000 

Result x:
91073763834.7280731201 -101527349013.0170440674 -27270402980.6579170227 38010765293.3859100342 

Residual c:
 -1.7326568604   0.0000039673   0.5161788940  -0.5668559265 
Part a after calculation:
  1.0000000000   0.7071067812   0.7071067812   0.0000000000 
  0.0000000000   0.3875210443  -0.7458122890   0.5000000000 
  0.0000000000   0.0000000000  -0.8047378541  -0.5773502692 
  0.0000000000   0.0000000000   0.0000000000   0.0000000000 
Part b after calculation:
  0.1500000000   0.0025000000  -0.1500000000   0.2480330086 
