Initial a:
  1.0000000000   0.7071065624   0.7071065624   0.0000000000 
  0.5833333333   0.8000000000  -0.3333333333   0.5000000000 
  0.6666666667   0.4714046667  -0.3333333333  -0.5773502050 
  1.2071070000   0.8535535000   0.0000000000  -0.6123723142 
Initial b:
  0.1500000000   0.0900000000  -0.0500000000   0.2700000000 

Result x:
1811683.4148206220 -2019631.2489564437 -542476.5877185877 756128.4692271925 

Residual c:
 -0.5606234881   0.0000000000   0.2461141124  -0.2673013154 
Part a after calculation:
  1.0000000000   0.7071065624   0.7071065624   0.0000000000 
  0.0000000000   0.3875211719  -0.7458121614   0.5000000000 
  0.0000000000   0.0000000000  -0.8047371468  -0.5773505815 
  0.0000000000   0.0000000000   0.0000000000   0.0000003280 
Part b after calculation:
  0.1500000000   0.0025000000  -0.1500000019   0.2480330173 
