Initial a:
  1.2071067812   0.8535533906   0.0000000000  -0.6123724357 
  0.5833333333   0.8000000000  -0.3333333333   0.5000000000 
  0.6666666667   0.4714045208  -0.3333333333  -0.5773502692 
  1.0000000000   0.7071067812   0.7071067812   0.0000000000 
Initial b:
  0.1500000000   0.0900000000  -0.0500000000   0.2700000000 

Result x:
24980955807.7718238831 -27848307922.8530006409 -7480098581.8311195374 10426111846.4569320679 

Residual c:
 -0.1554807663   0.0000020599   0.1415870667  -0.4752488327 
Matrix a after calculation:
  1.2071067812  -0.6123724357   0.0000000000   0.8535533906 
  0.0000000000   0.7959284628  -0.3333333333   0.3875210443 
  0.0000000000   0.0000000000   0.9195655468  -0.2469967282 
  0.0000000000  -0.0000000000   0.0000000000   0.0000000000 
Matrix b after calculation:
  0.1500000000   0.0175126266   0.1345737982  -0.0641421356 
